A real symmetric matrix of the size 10x10, A=
    2.487     0.286     9.498     5.563     2.728     5.263     6.390     7.961     4.921     8.565 
    0.286     2.480     0.934     7.167     9.938     1.694     0.469     2.202     3.209     7.737 
    9.498     0.934     1.609     6.993     6.911     3.466     1.208     1.010     0.627     0.888 
    5.563     7.167     6.993     0.136     3.866     6.917     2.148     1.790     4.695     0.263 
    2.728     9.938     6.911     3.866     4.343     3.951     0.862     4.290     3.602     8.863 
    5.263     1.694     3.466     6.917     3.951     1.553     3.119     9.560     3.869     2.260 
    6.390     0.469     1.208     2.148     0.862     3.119     5.487     4.023     3.701     8.730 
    7.961     2.202     1.010     1.790     4.290     9.560     4.023     7.743     0.076     4.763 
    4.921     3.209     0.627     4.695     3.602     3.869     3.701     0.076     6.185     3.005 
    8.565     7.737     0.888     0.263     8.863     2.260     8.730     4.763     3.005     1.224 

The tridiagonal matrix T=
   41.321     6.522     0.000     0.000     0.000     0.000     0.000     0.000     0.000     0.000 
    6.522    -4.517     8.388     0.000     0.000     0.000     0.000     0.000     0.000     0.000 
    0.000     8.388    -0.003     6.038     0.000     0.000     0.000     0.000     0.000     0.000 
    0.000     0.000     6.038    -1.364     7.312     0.000     0.000     0.000     0.000     0.000 
    0.000     0.000     0.000     7.312     0.527     7.942     0.000     0.000     0.000     0.000 
    0.000     0.000     0.000     0.000     7.942    -1.803     5.652     0.000     0.000     0.000 
    0.000     0.000     0.000     0.000     0.000     5.652    -4.449     5.968     0.000     0.000 
    0.000     0.000     0.000     0.000     0.000     0.000     5.968     0.347     2.488     0.000 
    0.000     0.000     0.000     0.000     0.000     0.000     0.000     2.488    -0.444     6.144 
    0.000     0.000     0.000     0.000     0.000     0.000     0.000     0.000     6.144     3.632 

The orthogonal matrix V=
    0.316     0.598    -0.184    -0.004     0.014     0.556    -0.006     0.283     0.273    -0.209 
    0.316    -0.252     0.008    -0.036    -0.484    -0.118    -0.667    -0.021     0.245    -0.286 
    0.316    -0.396     0.344    -0.323    -0.230     0.157     0.391     0.471     0.121     0.231 
    0.316    -0.086    -0.487     0.082     0.228    -0.519     0.277     0.051     0.498     0.004 
    0.316     0.390    -0.171    -0.006    -0.589    -0.244     0.211    -0.188    -0.385     0.291 
    0.316     0.016    -0.040     0.123     0.385    -0.027    -0.489     0.276    -0.224     0.608 
    0.316    -0.251     0.004     0.641     0.052     0.057     0.179     0.185    -0.426    -0.414 
    0.316     0.102     0.569     0.339     0.100     0.066     0.084    -0.528     0.346     0.176 
    0.316    -0.360    -0.378    -0.327     0.170     0.431     0.047    -0.520    -0.181     0.005 
    0.316     0.241     0.336    -0.489     0.353    -0.359    -0.027    -0.008    -0.266    -0.406 

A = VTV^T =
    2.487     0.286     9.498     5.563     2.728     5.263     6.390     7.961     4.921     8.565 
    0.286     2.480     0.934     7.167     9.938     1.694     0.469     2.202     3.209     7.737 
    9.498     0.934     1.609     6.993     6.911     3.466     1.208     1.010     0.627     0.888 
    5.563     7.167     6.993     0.136     3.866     6.917     2.148     1.790     4.695     0.263 
    2.728     9.938     6.911     3.866     4.343     3.951     0.862     4.290     3.602     8.863 
    5.263     1.694     3.466     6.917     3.951     1.553     3.119     9.560     3.869     2.260 
    6.390     0.469     1.208     2.148     0.862     3.119     5.487     4.023     3.701     8.730 
    7.961     2.202     1.010     1.790     4.290     9.560     4.023     7.743     0.076     4.763 
    4.921     3.209     0.627     4.695     3.602     3.869     3.701     0.076     6.185     3.005 
    8.565     7.737     0.888     0.263     8.863     2.260     8.730     4.763     3.005     1.224 

A test to see if A = VTV^T by subtraction: A - VTV^T = null matrix 
    0.000     0.000     0.000     0.000     0.000     0.000     0.000     0.000     0.000     0.000 
    0.000     0.000     0.000     0.000     0.000     0.000     0.000     0.000     0.000     0.000 
    0.000     0.000     0.000     0.000     0.000     0.000     0.000     0.000     0.000     0.000 
    0.000     0.000     0.000     0.000     0.000     0.000     0.000     0.000     0.000     0.000 
    0.000     0.000     0.000     0.000     0.000     0.000     0.000     0.000     0.000     0.000 
    0.000     0.000     0.000     0.000     0.000     0.000     0.000     0.000     0.000     0.000 
    0.000     0.000     0.000     0.000     0.000     0.000     0.000     0.000     0.000     0.000 
    0.000     0.000     0.000     0.000     0.000     0.000     0.000     0.000     0.000     0.000 
    0.000     0.000     0.000     0.000     0.000     0.000     0.000     0.000     0.000     0.000 
    0.000     0.000     0.000     0.000     0.000     0.000     0.000     0.000     0.000     0.000 

Thus the Lanczos tridiagonalization algorithm for real symmetric matrices has been implemented.
Note that the algorithm  only works for 2<=n<13, for n>14 the subtraction test fails. n can be modified in main.cs.
