Assignment A:

Random symmetric 6x6 matrix: A=
    2.487     3.541     3.201     7.043     7.979     5.563 
    3.541     9.439     9.898     7.018     1.695     7.167 
    3.201     9.898     6.821     9.498     7.938     6.993 
    7.043     7.018     9.498     0.934     3.072     0.136 
    7.979     1.695     7.938     3.072     8.230     9.919 
    5.563     7.167     6.993     0.136     9.919     8.063 
Eigenvalue decomposition on A, D=V^TAV:
   -9.885     0.000     0.000     0.000     0.000     0.000 
    0.000    -5.531     0.000     0.000     0.000     0.000 
    0.000     0.000    -0.369     0.000     0.000     0.000 
    0.000     0.000     0.000     4.223     0.000     0.000 
    0.000     0.000     0.000     0.000    10.424     0.000 
    0.000     0.000     0.000     0.000     0.000    37.112 
The eigenvalues:-9.885 -5.531 -0.369 4.223 10.424 37.112 

D is a diagonal matrix with the eigenvalues in the diagonal.

Checking if energies are correct:
k    Calculated        Exact
0 9.85121126943666 9.86960440108936
1 39.1847852966239 39.4784176043574
2 87.3454585100663 88.8264396098042
3 153.257401053292 157.91367041743
4 235.448249046093 246.740110027234
5 332.081994760597 355.305758439217
