Assignment B: 
Square matrix A with size  4x4, to do assigment B:
    9.498     0.934     1.609     3.820 
    7.979     1.695     7.938     3.072 
    8.230     8.865     5.563     7.167 
    6.993     0.136     9.919     8.063 
The invers matrix of A, B=:
    0.113     0.066    -0.024    -0.058 
   -0.070     0.038     0.114    -0.083 
   -0.117     0.142    -0.015     0.015 
    0.047    -0.232     0.037     0.157 
A*B=I
    1.000     0.000     0.000     0.000 
    0.000     1.000     0.000     0.000 
    0.000     0.000     1.000     0.000 
    0.000     0.000     0.000     1.000 
