Assignment B: 
Square matrix A with size  4x4, to do assigment B:
    2.487     1.107     4.670     7.716 
    6.575     4.328     3.541     9.439 
    1.013     6.425     0.286     2.480 
    3.201     9.898     6.821     6.549 
The invers matrix of A, B=:
   -0.323     0.271    -0.268     0.092 
   -0.047    -0.019     0.120     0.037 
   -0.027    -0.045    -0.273     0.200 
    0.257    -0.057     0.234    -0.156 
A*B=I
    1.000     0.000     0.000     0.000 
    0.000     1.000     0.000     0.000 
    0.000     0.000     1.000     0.000 
    0.000     0.000     0.000     1.000 
